source,date,rating,url,is_relevant,content_type,retrieval_scenario,what_they_remembered,what_they_forgot,search_attempt,outcome,failure_point,workaround_used,evidence_quote
play_store,2023-01-01,1.0,http,yes,photo,trip to paris,eiffel tower,date,searched paris,gave_up,expression|system_understanding,none,i searched paris but got random stuff
play_store,2026-09-03,1.0,,yes,photo,photo search,previously searchable photos,not specified,used search function,gave_up,evaluation,none,it actually acts as a stumbling block to me finding them
play_store,2026-08-22,3.0,,yes,photo,photo from an order,photo of an order,location in app,tried to find photo,gave_up,evaluation,none,Just spent over 1 hr trying to find a photo I had taken of an order that the seller asked for me to upload a pic. (Still can't)
play_store,2026-08-20,2.0,,yes,photo,searching for recently uploaded photos,uploaded images individually,location of the uploaded photos,looked under recently uploaded,gave_up,evaluation|system_understanding,none,They were not. They were mixed in with my thousands of other pictures
play_store,2026-07-20,3.0,,yes,photo,photo of self,photos of themselves,photos without face highlight,scroll to find them,gave_up,evaluation,none,I have to scroll to find them if I don't know the date.
play_store,2026-07-11,2.0,,yes,photo,older backed-up photos not showing,photos were backed up in cloud,cannot locate older photos,view day on highlights,gave_up,system_understanding,none,deleting from device even though it is backed up just deletes it from my photos
play_store,2026-08-09,1.0,,yes,photo,searching for family/friend photos by name,photos labeled with names,specific photo location,search for family/friend names,not_mentioned,system_understanding|expression,copy and paste text,search doesn't work like it used to
play_store,2026-08-07,1.0,,yes,photo,photos and videos not fully displayed in app,most of my photos and videos are stored,how to view all in app,not_mentioned,gave_up,expression,using terracotta storage,app only shows about 1/20 of the photos and videos I actually have
play_store,2026-03-07,2.0,,yes,photo,edited photo copy,edited photo,location of edited copy,found in recently added,found,evaluation,none,once you then save a copy that becomes almost impossible to find
play_store,2025-02-23,2.0,,yes,photo,searching for a known photo,Dog in a hat,photo not found,changed to classic search,gave_up,evaluation,none,"Even changing to classic, the same search will show your photo briefly, then change to 'Nothing found' or a huge list of random garbage."
play_store,2024-09-30,3.0,,yes,photo,photos of people by name,people's names,album location,search using people's names,not_mentioned,expression|system_understanding,none,depends on both Google's and your interpretation of search words
play_store,2024-10-26,3.0,,yes,screenshot,reference screenshot for artwork,saved in favorites folder,location after folder removed,not_mentioned,not_mentioned,system_understanding,manual browsing,favorites folder keeps getting removed for no reason
play_store,2026-07-19,2.0,,yes,photo,photo from a specific date,date of the photo,exact photo,search by date,not_mentioned,expression,none,"vague date at the top, but three photos in a row from two different days"
play_store,2026-09-13,3.0,,yes,photo,photo search,photos they are trying to locate,not specified,search functions terrible,not_mentioned,evaluation,none,search functions now terrible I can't find any photos of looking for
play_store,2026-08-12,5.0,,yes,photo,finding old photos by date/location/people,old photos and memories,not_mentioned,"search by date, location, or people",found,unknown_unclear,none,"easily find old photos and memories by date, location, or people"
play_store,2026-09-09,1.0,,yes,photo,finding specific photos,photos were organized by date,current location of photos in UI,searching through collections,not_mentioned,system_understanding,download older version via APK,"cant find any of the photos im looking for, no longer grouped by date"
play_store,2026-08-31,2.0,,yes,photo,photo of pets,pet photos,pet photos not appearing in People and Pets,search bar 'dogs' and People & Pets,not_mentioned,evaluation,none,fails to recognise pets in a lot of photos
play_store,2026-08-29,3.0,,yes,photo,most recent screenshots,most recent screenshots,photos not showing up in main page,dig for my most recent screenshots,not_mentioned,evaluation,none,"why are my photos not showing up in the big main page? Only some are, the rest are on Recently Added. Having to go dig for my most recent screenshots is nuts"
play_store,2026-09-08,1.0,,yes,photo,cat picture for wallpaper,cat picture,not_mentioned,download attempt,gave_up,unknown_unclear,restart and clear cache,app just completely refuses to allow me to download my own photos
play_store,2026-09-16,1.0,,yes,photo,pictures hidden in folders,pictures exist,location,not_mentioned,not_mentioned,evaluation,none,Pictures are hidden in folders and hard to locate.
play_store,2026-08-23,1.0,,yes,photo,photos missing after free up space,used Free up space after uploading photos,that photos would stay in Google Photos,not_mentioned,not_mentioned,system_understanding,none,I understood that this option would … keep them safely available in Google Photos
play_store,2026-08-01,2.0,,yes,photo,photo they know exists,photo exists in library,exact search term,basic search terms,not_mentioned,system_understanding|expression,none,can't find photos I know exist using basic search terms
play_store,2026-09-03,1.0,,yes,not_mentioned,restore backup on new device,sync button to restore backup,where the sync button is,looking for the sync button,gave_up,expression,none,looking for the sync button to restore from a backup ... IT'S NOT THERE
play_store,2026-07-16,1.0,,yes,screenshot,screenshot from a video,specific frame they want,exact frame timing,using screenshot function,gave_up,evaluation,none,I try to pull screen shots and it jumps 2 or three seconds after the frame I asked for.
play_store,2026-08-31,2.0,,yes,video,downloading videos to device,not_mentioned,not_mentioned,not_mentioned,not_mentioned,expression|evaluation,none,videos ... come through as unsupported media
play_store,2026-09-09,1.0,,yes,photo,old pictures from cloud,old pictures,albums,can't see my old pictures,not_mentioned,evaluation|unknown_unclear,none,why can't I see my old pictures? ... where did my albums go???
play_store,2026-09-10,1.0,,yes,photo,photos moved to Google Photos,well organized photos,location of photos,not_mentioned,gave_up,expression|system_understanding|evaluation,none,this app takes my well organized photos off my phone and I can't find anything
play_store,2026-08-10,2.0,,yes,photo,searching for a specific photo,specific photo,photo not found,scrolling,gave_up,evaluation,scrolling,I end up just having to scroll
play_store,2026-07-21,2.0,,yes,photo,photo from email,photo just downloaded from Gmail,location in photos app,tried to find in photos app but couldn't,found_via_workaround,evaluation,use files app to locate and share,"never find it in photos, because it never show recently downloaded photos on top"
play_store,2026-07-21,1.0,,yes,photo,searching for individual files by name,file names,file locations,search by name,not_mentioned,system_understanding,none,searching for individual files by name does not work properly because it only reads content
play_store,2026-07-14,3.0,,yes,screenshot,screenshots from phone,screenshots they made,location of images,need 3 taps to see screenshots,not_mentioned,evaluation,none,i can't see all the images - i need to make like 3 taps to see screenshots i made
play_store,2026-08-05,1.0,,yes,photo,photo search,"keywords like tyre, home, cat",search results,search for keywords,not_mentioned,evaluation,none,"Now, when I search for something like; tyre, home, or cat, it does not properly display anything from my collection."
play_store,2026-08-15,2.0,,yes,photo,edited photo not saved,edited and clicked SAVE,saved edited photo location,search for original photo,gave_up,evaluation,none,as soon as you finish editing and click SAVE it's GONE
play_store,2026-07-27,2.0,,yes,photo,photo from months grouping,pictures they want,can't locate them,not_mentioned,not_mentioned,system_understanding,none,I can't find the pictures I want because they are all combined together and the 'months' floating on top does not help because I can't tell where one month ends and the other begins
play_store,2026-07-15,4.0,,yes,photo,access photo album after phone lost,saved photo memories,forgotten photo memories,not_mentioned,found,unknown_unclear,none,"recover back forgotten, past and saved photo memories"
play_store,2026-08-04,3.0,,yes,photo,finding a specific photo by number,album titles and download numbers,album titles,sorting through thousands of files,gave_up,evaluation,none,album titles vanish and I'm left with sorting through thousands of files to find one because they aren't named except by download numbers
play_store,2026-07-23,1.0,,yes,photo,photo to upload to Instagram,all photos visible in app,images missing in Recents,"upload to Instagram, saw Recents",not_mentioned,evaluation|system_understanding,none,it shows me 'Recents' where some images are missing.
play_store,2026-07-11,1.0,,yes,photo,image location after AI move,image moved by AI,where image saved,trying to find where an image has been saved or moved to,not_mentioned,evaluation|system_understanding,none,try & find where an image has been saved or moved to by Ai
play_store,2026-07-27,1.0,,yes,photo,view all photos on phone,photos on phone,photos missing,not_mentioned,gave_up,system_understanding|evaluation,none,Can only see photos I've taken rather than every photo I have on my phone
reddit,2026-09-16,,https://old.reddit.com/r/googlephotos/comments/1wi9thz/cant_access_photos/,yes,photo,searching photos by description word,specific word in descriptions,search results not showing,typed word into search,not_mentioned,evaluation|unknown_unclear,none,"searching that word in Photos gives zero results but the photos are still there if I scroll to find them manually, and the word is still in the caption."
reddit,2026-08-19,,https://old.reddit.com/r/googlephotos/comments/1vt386b/easy_way_to_find_and_delete_all_photo_videos/,yes,video,filter motion photos from normal photos,photo videos that allow selecting the best shot,how to filter them,tried filtering by .avi or .mp4 but not specific,not_mentioned,evaluation,none,I can't just filter by .avi or .mp4 etc because I want to make sure I can double check some throwaway video snaps or edits
reddit,2026-08-15,,https://old.reddit.com/r/googlephotos/comments/1vozg5r/extremely_important_video_disappeared_from_google/,yes,video,video from gallery,video was extremely important,where it is now,can't find it anywhere,gave_up,evaluation|system_understanding,none,"Now, for some unknown reason, I can't find it anywhere"
reddit,2026-08-02,,https://old.reddit.com/r/googlephotos/comments/1vdm7p5/finding_my_photos_in_collections/,yes,photo,photos in collections,4000+ memes from one app,missing from collections,scrolled main area but not in collections,gave_up,evaluation,none,"I can't find any of my photos in collections, I can find them normally by scrolling down the main area but EVERYTHING is gone in collections."
reddit,2026-08-01,,https://old.reddit.com/r/googlephotos/comments/1vcu3cs/finding_specific_photo_in_a_large_album/,yes,photo,photo from a large album,specific picture among 1400+,how to locate it quickly,CtrlF in album,gave_up,evaluation,none,"I did CtrlF when I opened the Album, but it shows 0 results"
reddit,2026-06-29,,https://old.reddit.com/r/googlephotos/comments/1uirwt9/photos_missing_but_in_memory_reels/,yes,photo,photos from 2017-2019 of children,photos of 2nd child growing up and 3rd child birth to 18 months,missing photos from 2017-2019,"checked old phones, Google Gallery, and website",not_mentioned,evaluation|unknown_unclear,none,I am missing all my photos from 2017 to 2019
reddit,2026-09-02,,https://old.reddit.com/r/googlephotos/comments/1w5hwvf/pulling_too_many_photos_for_specific_date/,yes,photo,photo from a specific date,date 8/21/2026,many unrelated photos,selecting the day in Google Photos browser,gave_up,evaluation,use takeout.google.com for monthly export,It gave me the date that I asked for (8/21/2026) AND 1500 random images from the past 15 years
reddit,2026-08-24,,https://old.reddit.com/r/googlephotos/comments/1vx3rx3/photo_recovery/,yes,photo,photos from 2019 road trip,photos taken with camera in 2019,photos from 2019,"accessed old phones and Google Photos, only found shared/screenshot",not_mentioned,evaluation|unknown_unclear,none,"Somehow, all photos taken in the year 2019 have disappeared"
reddit,2026-09-19,,https://old.reddit.com/r/googlephotos/comments/1wkh4be/search_function_only_shows_very_few_photos/,yes,photo,dog photos,more dog photos,photos not appearing,search for 'dog',not_mentioned,evaluation|unknown_unclear,search by date,search by date instead of just names it works perfectly fine
reddit,2026-09-13,,https://old.reddit.com/r/googlephotos/comments/1wezeh4/web_site_folder_sync_doesnt_work_at_all/,yes,photo,photo from camera weeks ago,pictures taken on camera weeks ago,not in Google Photos,not_mentioned,not_mentioned,evaluation,none,pictures I took on my camera weeks ago aren't in Google photos
reddit,2026-09-04,,https://old.reddit.com/r/googlephotos/comments/1w6uz0j/photos_storage/,yes,video,trip videos,trip videos backed up,location after deletion,tried to check whether the videos were actually there or not,not_mentioned,evaluation,none,I couldn’t find them
reddit,2026-09-02,,https://old.reddit.com/r/googlephotos/comments/1w55t8o/quickly_searching_for_specific_pictures/,yes,photo,photo of family members,photos of dad and daughter,specific photos,tried a few times this morning to search for a specific photos,not_mentioned,evaluation,none,I have tried a few times this morning to search for a specific photos of my dad and one of my daughters and moving photos and it found to find the correct picture.
reddit,2026-08-21,,https://old.reddit.com/r/googlephotos/comments/1vuqwxl/locked_folder_disappeared/,yes,photo,locked folder search,locked folder existed,location in UI,searched in Photos search and website,gave_up,evaluation|system_understanding,none,"I tried to look up my locked folder from inside Photos search, and I wasn't able to find it."
reddit,2026-08-19,,https://old.reddit.com/r/googlephotos/comments/1vscaa8/desperately_need_help_figuring_out_what_i_did/,yes,photo,photos from main account after cleanup,photos existed before cleanup,photos missing from device,attempted undo backup,not_mentioned,evaluation|unknown_unclear,none,"I clicked the 'clean up space' button on that account not thinking anything of it, and it ended up clearing all but a couple images from my main account."
reddit,2026-08-30,,https://old.reddit.com/r/googlephotos/comments/1w2x30g/images_come_out_blurry_when_downloading_from_my/,yes,photo,photo from Google Photos to iPhone,photos from car show,original resolution,pressed download button on phone,not_mentioned,system_understanding|evaluation,none,when I press the download button when I’m on my phone it goes into my iPhone photos but is making them super blurry.
play_store,2026-07-22,1.0,,yes,photo,family photos downloaded,family photos,location in gallery,trying to find them,gave_up,evaluation|system_understanding,none,can't find family photos downloaded cause they end up being the year it was taken
play_store,2026-08-19,4.0,,yes,photo,download multiple photos from cloud to phone,photos backed up,cannot download multiple photos,selecting multiple photos to download,not_mentioned,evaluation|system_understanding,none,I cannot download multiple photos back to my phone when selecting
play_store,2026-08-12,1.0,,yes,photo,photos sent to others,photos sent,location in app,not_mentioned,not_mentioned,evaluation,none,Why is it so difficult to find the photos I've sent other people?
play_store,2026-08-24,5.0,,yes,photo,photo search,words included in the photo,photo not found,AI search bar,not_mentioned,evaluation,none,"when I request a search using words I know are included in what I'm looking for, it comes up empty"
play_store,2026-08-19,3.0,,yes,photo,searching for a specific photo in a large collection,one photo,not_mentioned,go one by one,not_mentioned,evaluation,go one by one,"I have so many photos it takes days to find one photo cause the search sucked. So, I got to go one by one to find the picture."
play_store,2026-07-12,5.0,,yes,photo,photo from a school project,"standing with a matchbox, family picture",the photo itself,not_mentioned,not_mentioned,unknown_unclear,none,"I remember that I was standing there and hold a matchbox which is bigger in size and to get my attention to the camera, sadly I lost the photo or something"
play_store,2026-07-19,1.0,,yes,photo,finding pictures in app,pictures I am looking for,none,can't find,not_mentioned,evaluation|system_understanding,none,I can even find te pictures I am looking for half the because the pictures are all different sizes.
play_store,2026-07-21,2.0,,yes,not_mentioned,search in locked folder,something specific,not_mentioned,endlessly scroll,not_mentioned,evaluation,none,Having to endlessly scroll to try and find something specific.
play_store,2026-06-28,1.0,,yes,photo,finding photos,photos,unable to locate photos,AI feature,not_mentioned,evaluation,none,I can't find photos as easily as I used to never the ai thing always had a damn issue finding it!
play_store,2026-07-21,2.0,,yes,photo,photo from camera roll,"human, animal, painting, rollercoaster",none,used search function,gave_up,evaluation,none,the search function is useless ... won't give me ANY results
play_store,2026-09-16,1.0,,yes,photo,repair photos of car engine,hundreds of repair photos,most of the photos are not showing in search,TEXT/SUBJECT search,gave_up,evaluation,none,"""TEXT/SUBJECT search is FAIL."""
play_store,2026-06-28,5.0,,yes,photo,photo from locked folder,deleted picture,how to recover it,tried to restore but nothing available,gave_up,evaluation,none,when I try to restore it there was nothing at all available to do
